1 1 2 25
2 1 11 40
3 2 3 50
4 3 4 50
6 3 6 30
7 4 6 70
8 6 5 50
9 6 7 30
10 5 7 90
11 11 12 50
12 12 13 50
5 13 15 25
13 13 16 50
14 16 15 50
15 16 24 25
16 24 17 25
17 15 17 25
18 17 19 50
19 24 19 50
20 19 20 50
21 20 21 50
22 20 22 75
23 22 23 50
24 19 22 75
25 13 25 50
26 25 16 50
27 25 15 75
28 25 17 100
29 25 13 50
30 13 5 125
31 5 6 55
32 6 2 80
31 2 1 10
32 3 11 75
33 2 11 40
34 12 15 75
35 10 9 50
36 10 8 75
37 10 7 80
38 8 7 10
39 7 5 35
40 21 20 50
41 20 19 75
42 21 19 80
43 23 22 50
44 22 19 50
45 19 24 25
46 24 17 30
47 17 16 50
48 16 13 75
49 26 12 50
50 26 5 20
51 15 26 75
52 17 15 50
53 17 5 55
54 15 6 75
55 19 5 75
56 5 17 30
57 7 8 10
58 7 9 25
59 9 10 15
60 9 7 30
61 9 8 20
62 5 12 60
63 16 25 20
64 25 13 30
65 15 25 50
66 13 12 30
67 15 13 20
68 7 6 20
69 6 4 20
70 2 6 60
71 8 9 30
72 4 3 15
73 3 2 10
74 12 26 30
75 26 15 20
76 26 17 60
77 16 18 40
78 18 24 30
79 18 14 50
80 25 18 80
81 18 17 70
82 17 18 70
83 25 14 20
84 14 16 40
85 14 18 60
86 14 24 80
87 24 16 20